17
3
0.4
8
CVE-2014-0160|CVE-2012-1823|CVE-2014-6271|CVE-2014-0224|CVE-2016-6515|CVE-2016-7054|CVE-2017-5941|CVE-2017-7494
4.6,-3.7 -3.4,7.0 -6.1,9.5 -5.9,7.5 -5.4,8.9 -5.4,8.9 -4.0,7.6 -5.9,9.4
-5.4,8.9 -3.4,7.0 6.1,-3.7 -5.9,7.5 -5.4,8.9 -5.4,8.9 -4.0,7.6 -5.9,9.4
4.6,-3.7 -3.4,7.0 6.1,-3.7 -5.9,7.5 -5.4,8.9 -5.4,8.9 -4.0,7.6 -5.9,9.4
-5.4,8.9 -3.4,7.0 -6.1,9.5 -5.9,7.5 -5.4,8.9 -5.4,8.9 -4.0,7.6 -5.9,9.4
-5.4,8.9 -3.4,7.0 -6.1,9.5 -5.9,7.5 -5.4,8.9 -5.4,8.9 -4.0,7.6 -5.9,9.4
-5.4,8.9 -3.4,7.0 -6.1,9.5 -5.9,7.5 -5.4,8.9 -5.4,8.9 -4.0,7.6 -5.9,9.4
-5.4,8.9 6.1,-3.7 -6.1,9.5 -5.9,7.5 -5.4,8.9 -5.4,8.9 -4.0,7.6 -5.9,9.4
-5.4,8.9 -3.4,7.0 -6.1,9.5 -5.9,7.5 1.5,-3.7 -5.4,8.9 -4.0,7.6 -5.9,9.4
-5.4,8.9 -3.4,7.0 -6.1,9.5 10.7,-2.1 -5.4,8.9 -5.4,8.9 -4.0,7.6 -5.9,9.4
4.6,-3.7 -3.4,7.0 -6.1,9.5 10.7,-2.1 -5.4,8.9 -5.4,8.9 -4.0,7.6 -5.9,9.4
-5.4,8.9 -3.4,7.0 -6.1,9.5 -5.9,7.5 -5.4,8.9 -5.4,8.9 -4.0,7.6 -5.9,9.4
-5.4,8.9 -3.4,7.0 -6.1,9.5 10.7,-2.1 -5.4,8.9 -5.4,8.9 -4.0,7.6 -5.9,9.4
-5.4,8.9 -3.4,7.0 -6.1,9.5 10.7,-2.1 1.5,-3.7 -5.4,8.9 -4.0,7.6 -5.9,9.4
-5.4,8.9 -3.4,7.0 -6.1,9.5 -5.9,7.5 1.5,-3.7 -5.4,8.9 -4.0,7.6 -5.9,9.4
-5.4,8.9 -3.4,7.0 -6.1,9.5 10.7,-2.1 1.5,-3.7 -5.4,8.9 -4.0,7.6 -5.9,9.4
-5.4,8.9 -3.4,7.0 -6.1,9.5 -5.9,7.5 -5.4,8.9 -5.4,8.9 6.1,-3.7 -5.9,9.4
-5.4,8.9 -3.4,7.0 -6.1,9.5 -5.9,7.5 -5.4,8.9 -5.4,8.9 -4.0,7.6 6.1,-3.7
0.4
4
CVE-2016-7054|CVE-2016-6515|CVE-2017-7494|CVE-2017-5941
-5.4,8.9 -5.4,8.9 -5.9,9.4 -4.0,7.6
-5.4,8.9 -5.4,8.9 -5.9,9.4 -4.0,7.6
-5.4,8.9 -5.4,8.9 -5.9,9.4 -4.0,7.6
-5.4,8.9 -5.4,8.9 -5.9,9.4 -4.0,7.6
-5.4,8.9 -5.4,8.9 -5.9,9.4 -4.0,7.6
-5.4,8.9 -5.4,8.9 -5.9,9.4 -4.0,7.6
-5.4,8.9 -5.4,8.9 -5.9,9.4 -4.0,7.6
-5.4,8.9 1.5,-3.7 -5.9,9.4 -4.0,7.6
-5.4,8.9 -5.4,8.9 -5.9,9.4 -4.0,7.6
-5.4,8.9 -5.4,8.9 -5.9,9.4 -4.0,7.6
-5.4,8.9 -5.4,8.9 -5.9,9.4 -4.0,7.6
-5.4,8.9 -5.4,8.9 -5.9,9.4 -4.0,7.6
-5.4,8.9 1.5,-3.7 -5.9,9.4 -4.0,7.6
-5.4,8.9 1.5,-3.7 -5.9,9.4 -4.0,7.6
-5.4,8.9 1.5,-3.7 -5.9,9.4 -4.0,7.6
-5.4,8.9 -5.4,8.9 -5.9,9.4 6.1,-3.7
-5.4,8.9 -5.4,8.9 6.1,-3.7 -4.0,7.6
0.2
11
CVE-2014-0160|CVE-2012-1823|CVE-2011-3368|CVE-2014-6271|CVE-2014-0224|CVE-2010-0740|CVE-2010-1452|CVE-2016-6515|CVE-2016-7054|CVE-2017-5941|CVE-2017-7494
4.6,-3.7 -3.4,7.0 -1.4,4.8 -6.1,9.5 -5.9,7.5 -2.1,5.5 -1.4,4.8 -5.4,8.9 -5.4,8.9 -4.0,7.6 -5.9,9.4
-5.4,8.9 -3.4,7.0 -1.4,4.8 6.1,-3.7 -5.9,7.5 -2.1,5.5 -1.4,4.8 -5.4,8.9 -5.4,8.9 -4.0,7.6 -5.9,9.4
4.6,-3.7 -3.4,7.0 -1.4,4.8 6.1,-3.7 -5.9,7.5 -2.1,5.5 -1.4,4.8 -5.4,8.9 -5.4,8.9 -4.0,7.6 -5.9,9.4
-5.4,8.9 -3.4,7.0 -1.4,4.8 -6.1,9.5 -5.9,7.5 -2.1,5.5 1.5,-3.5 -5.4,8.9 -5.4,8.9 -4.0,7.6 -5.9,9.4
-5.4,8.9 -3.4,7.0 3.0,-3.5 -6.1,9.5 -5.9,7.5 -2.1,5.5 -1.4,4.8 -5.4,8.9 -5.4,8.9 -4.0,7.6 -5.9,9.4
-5.4,8.9 -3.4,7.0 3.0,-3.5 -6.1,9.5 -5.9,7.5 -2.1,5.5 1.5,-3.5 -5.4,8.9 -5.4,8.9 -4.0,7.6 -5.9,9.4
-5.4,8.9 6.1,-3.7 -1.4,4.8 -6.1,9.5 -5.9,7.5 -2.1,5.5 -1.4,4.8 -5.4,8.9 -5.4,8.9 -4.0,7.6 -5.9,9.4
-5.4,8.9 -3.4,7.0 -1.4,4.8 -6.1,9.5 -5.9,7.5 -2.1,5.5 -1.4,4.8 1.5,-3.7 -5.4,8.9 -4.0,7.6 -5.9,9.4
-5.4,8.9 -3.4,7.0 -1.4,4.8 -6.1,9.5 10.7,-2.1 -2.1,5.5 -1.4,4.8 -5.4,8.9 -5.4,8.9 -4.0,7.6 -5.9,9.4
4.6,-3.7 -3.4,7.0 -1.4,4.8 -6.1,9.5 10.7,-2.1 -2.1,5.5 -1.4,4.8 -5.4,8.9 -5.4,8.9 -4.0,7.6 -5.9,9.4
-5.4,8.9 -3.4,7.0 -1.4,4.8 -6.1,9.5 -5.9,7.5 1.5,-3.5 -1.4,4.8 -5.4,8.9 -5.4,8.9 -4.0,7.6 -5.9,9.4
-5.4,8.9 -3.4,7.0 -1.4,4.8 -6.1,9.5 10.7,-2.1 1.5,-3.5 -1.4,4.8 -5.4,8.9 -5.4,8.9 -4.0,7.6 -5.9,9.4
-5.4,8.9 -3.4,7.0 -1.4,4.8 -6.1,9.5 10.7,-2.1 -2.1,5.5 -1.4,4.8 1.5,-3.7 -5.4,8.9 -4.0,7.6 -5.9,9.4
-5.4,8.9 -3.4,7.0 -1.4,4.8 -6.1,9.5 -5.9,7.5 1.5,-3.5 -1.4,4.8 1.5,-3.7 -5.4,8.9 -4.0,7.6 -5.9,9.4
-5.4,8.9 -3.4,7.0 -1.4,4.8 -6.1,9.5 10.7,-2.1 1.5,-3.5 -1.4,4.8 1.5,-3.7 -5.4,8.9 -4.0,7.6 -5.9,9.4
-5.4,8.9 -3.4,7.0 -1.4,4.8 -6.1,9.5 -5.9,7.5 -2.1,5.5 -1.4,4.8 -5.4,8.9 -5.4,8.9 6.1,-3.7 -5.9,9.4
-5.4,8.9 -3.4,7.0 -1.4,4.8 -6.1,9.5 -5.9,7.5 -2.1,5.5 -1.4,4.8 -5.4,8.9 -5.4,8.9 -4.0,7.6 6.1,-3.7